[KAST]
lat=37.341389
lon=-121.642778
height=1290
exp_file=exposure_kast.dat

[NIRES]
lat = 19.8263
lon = -155.47441
height= 4145
exp_file=exposure_nires.dat

